Using TensorFlow 1 backend.

Generating operator data...
'gen_operator_data' took 2804.775554 s

Generating operator data...
'gen_operator_data' took 285.522914 s

Compiling model...
Building operator neural network...
'build' took 0.067428 s

'compile' took 0.330953 s

Initializing variables...
Training model...

Step      Train loss    Test loss     Test metric   
0         [3.54e-01]    [3.70e-01]    [3.61e-01]    
1000      [7.83e-04]    [8.26e-04]    [7.93e-04]    
2000      [2.91e-04]    [3.01e-04]    [2.91e-04]    
3000      [1.49e-04]    [1.54e-04]    [1.49e-04]    
4000      [2.15e-04]    [2.23e-04]    [2.18e-04]    
5000      [1.14e-04]    [1.17e-04]    [1.14e-04]    
6000      [1.18e-04]    [1.20e-04]    [1.15e-04]    
7000      [5.62e-05]    [5.72e-05]    [5.47e-05]    
8000      [4.78e-05]    [4.92e-05]    [4.72e-05]    
9000      [4.20e-05]    [4.32e-05]    [4.21e-05]    
10000     [5.65e-05]    [5.80e-05]    [5.61e-05]    
11000     [4.92e-05]    [5.01e-05]    [4.90e-05]    
12000     [1.22e-04]    [1.26e-04]    [1.24e-04]    
13000     [7.43e-05]    [8.16e-05]    [7.99e-05]    
14000     [9.30e-05]    [9.60e-05]    [9.22e-05]    
15000     [2.64e-05]    [2.71e-05]    [2.63e-05]    
16000     [5.11e-05]    [5.32e-05]    [5.09e-05]    
17000     [2.28e-05]    [2.29e-05]    [2.18e-05]    
18000     [2.76e-05]    [2.77e-05]    [2.69e-05]    
19000     [1.72e-05]    [1.75e-05]    [1.69e-05]    
20000     [1.80e-05]    [1.85e-05]    [1.79e-05]    
21000     [1.53e-05]    [1.55e-05]    [1.50e-05]    
22000     [1.84e-05]    [1.88e-05]    [1.82e-05]    
23000     [2.88e-05]    [2.96e-05]    [2.88e-05]    
24000     [1.18e-04]    [1.20e-04]    [1.13e-04]    
25000     [3.48e-05]    [3.54e-05]    [3.38e-05]    
26000     [1.25e-05]    [1.27e-05]    [1.23e-05]    
27000     [2.81e-05]    [2.78e-05]    [2.72e-05]    
28000     [1.95e-05]    [2.07e-05]    [2.02e-05]    
29000     [1.56e-05]    [1.59e-05]    [1.53e-05]    
30000     [1.57e-05]    [1.62e-05]    [1.54e-05]    
31000     [1.88e-05]    [1.95e-05]    [1.90e-05]    
32000     [3.34e-05]    [3.43e-05]    [3.27e-05]    
33000     [4.04e-05]    [4.15e-05]    [3.94e-05]    
34000     [1.15e-05]    [1.19e-05]    [1.15e-05]    
35000     [1.96e-05]    [2.07e-05]    [2.00e-05]    
36000     [2.57e-05]    [2.63e-05]    [2.56e-05]    
37000     [3.20e-05]    [3.26e-05]    [3.19e-05]    
38000     [9.68e-06]    [9.89e-06]    [9.46e-06]    
39000     [1.19e-05]    [1.21e-05]    [1.16e-05]    
40000     [1.99e-05]    [2.06e-05]    [1.97e-05]    
41000     [1.66e-05]    [1.71e-05]    [1.67e-05]    
42000     [1.36e-05]    [1.40e-05]    [1.36e-05]    
43000     [1.15e-05]    [1.17e-05]    [1.14e-05]    
44000     [1.22e-05]    [1.22e-05]    [1.18e-05]    
45000     [9.49e-06]    [9.85e-06]    [9.47e-06]    
46000     [2.19e-05]    [2.23e-05]    [2.17e-05]    
47000     [8.28e-06]    [8.46e-06]    [8.13e-06]    
48000     [1.85e-05]    [1.92e-05]    [1.87e-05]    
49000     [9.56e-06]    [9.66e-06]    [9.33e-06]    
50000     [8.05e-06]    [8.15e-06]    [7.83e-06]    
51000     [1.11e-05]    [1.13e-05]    [1.08e-05]    
52000     [9.92e-06]    [1.00e-05]    [9.71e-06]    
53000     [8.47e-06]    [8.59e-06]    [8.24e-06]    
54000     [1.39e-05]    [1.45e-05]    [1.39e-05]    
55000     [9.28e-05]    [9.49e-05]    [9.02e-05]    
56000     [1.81e-05]    [1.84e-05]    [1.73e-05]    
57000     [1.12e-05]    [1.10e-05]    [1.06e-05]    
58000     [2.16e-05]    [2.22e-05]    [2.13e-05]    
59000     [1.11e-05]    [1.11e-05]    [1.07e-05]    
60000     [1.58e-05]    [1.64e-05]    [1.57e-05]    
61000     [1.13e-05]    [1.16e-05]    [1.10e-05]    
62000     [1.50e-05]    [1.60e-05]    [1.54e-05]    
63000     [8.53e-06]    [8.67e-06]    [8.34e-06]    
64000     [8.73e-06]    [8.81e-06]    [8.43e-06]    
65000     [2.60e-05]    [2.63e-05]    [2.45e-05]    
66000     [1.27e-05]    [1.31e-05]    [1.25e-05]    
67000     [1.05e-05]    [1.09e-05]    [1.04e-05]    
68000     [8.85e-06]    [8.93e-06]    [8.60e-06]    
69000     [8.97e-06]    [9.07e-06]    [8.74e-06]    
70000     [3.39e-05]    [3.48e-05]    [3.31e-05]    
71000     [3.04e-05]    [3.08e-05]    [2.89e-05]    
72000     [1.52e-05]    [1.54e-05]    [1.45e-05]    
73000     [1.20e-05]    [1.21e-05]    [1.12e-05]    
74000     [1.48e-05]    [1.53e-05]    [1.45e-05]    
75000     [8.42e-06]    [8.47e-06]    [8.03e-06]    
76000     [7.28e-06]    [7.41e-06]    [7.11e-06]    
77000     [7.59e-06]    [7.72e-06]    [7.24e-06]    
78000     [1.50e-05]    [1.54e-05]    [1.44e-05]    
79000     [7.41e-06]    [7.57e-06]    [7.21e-06]    
80000     [9.03e-06]    [9.31e-06]    [8.90e-06]    
81000     [2.80e-05]    [2.86e-05]    [2.73e-05]    
82000     [8.50e-06]    [8.81e-06]    [8.48e-06]    
83000     [4.80e-05]    [4.98e-05]    [4.78e-05]    
84000     [1.20e-05]    [1.24e-05]    [1.18e-05]    
85000     [1.21e-05]    [1.25e-05]    [1.19e-05]    
86000     [8.03e-06]    [8.29e-06]    [7.85e-06]    
87000     [1.05e-05]    [1.09e-05]    [1.05e-05]    
88000     [1.55e-05]    [1.61e-05]    [1.53e-05]    
89000     [2.19e-05]    [2.24e-05]    [2.16e-05]    
90000     [8.35e-06]    [8.23e-06]    [7.95e-06]    
91000     [8.52e-06]    [8.78e-06]    [8.35e-06]    
92000     [2.00e-05]    [2.10e-05]    [1.97e-05]    
93000     [1.05e-05]    [1.07e-05]    [1.03e-05]    
94000     [6.11e-06]    [6.24e-06]    [5.97e-06]    
95000     [9.03e-06]    [9.43e-06]    [9.11e-06]    
96000     [6.59e-06]    [6.74e-06]    [6.46e-06]    
97000     [2.81e-05]    [2.88e-05]    [2.74e-05]    
98000     [6.44e-06]    [6.54e-06]    [6.19e-06]    
99000     [1.09e-05]    [1.11e-05]    [1.04e-05]    
100000    [1.10e-05]    [1.11e-05]    [1.07e-05]    

Best model at step 94000:
  train loss: 6.11e-06
  test loss: 6.24e-06
  test metric: [5.97e-06]

'train' took 85808.269730 s

# Parameters: 30601
Saving loss history to /mnt/nas2/home/fengmingquan/codes/deeponet/loss.dat ...
Saving training data to /mnt/nas2/home/fengmingquan/codes/deeponet/train.dat ...
Saving test data to /mnt/nas2/home/fengmingquan/codes/deeponet/test.dat ...
